65535 255 255 255
9000 255 255 255
8000 224 222 216
7000 202 195 184
6000 186 174 154
5000 172 154 124
4000 170 135 83
3500 185 152 90
3000 195 167 107
2500 202 185 130
2000 211 202 157
1500 222 214 163
1000 232 225 182
600 239 235 192
400 225 228 181
200 209 215 171
100 189 204 150
50 168 198 143
20 148 191 139
1 172 208 165
0 216 242 254
-20 216 242 254
-50 198 236 255
-100 185 227 255
-250 172 219 251
-500 161 210 247
-1000 150 201 240
-2000 141 193 234
-4000 132 185 227
-7000 121 178 222
-10000 113 171 216
-15000 113 171 216